!Level_1
!
!
!
!
!
!
32222222222221
6            4
6            4
6     $      4
6     5      4
6    5 5     522222222221
6   5   5               4
98888888888888888888885 4
                      6 4
                      6 4
                      6 4
                      6 4
                      6 4
                      6 4
                      6 4
                      6 4
                      6 4
                      6 4
                      6 4
                      6 4
                      6 5222222222221
                      6             4
                      6             4
                      6             4
                      6     5       4
                      6    5 5      52222222221
                      6   5   5               4
                      9888888888888888888888887